[273, -3.637508557854174]
[18, -3.0458908315645954]
[278, -2.8672333395622]
[301, -2.5625753053290814]
[287, -2.174158510052442]
[154, -2.1691741520580425]
[102, -2.100008947574624]
[32, -1.9515564950124389]
[171, -1.9209270514270311]
[99, -1.8034729223492278]
[100, -1.7577726616062006]
[213, -1.7211923677725607]
[197, -1.7102083103286787]
[146, -1.4617905383555423]
[293, -1.3541785839161093]
[277, -1.3292981500461043]
[180, -1.3179798515317807]
[28, -1.279698237551508]
[126, -1.2593157444761784]
[279, -1.2463513925301972]
[136, -1.228320277000593]
[62, -1.2229292463292554]
[120, -1.2205477481674574]
[14, -1.191188421307738]
[142, -1.1898389388427884]
[20, -1.1889054348973156]
[111, -1.0884717814540654]
[3, -1.0569990626771342]
[168, -1.0566984610875856]
[71, -0.981395113238256]
[25, -0.9781452616302657]
[73, -0.8766198130513695]
[181, -0.8726275526035304]
[103, -0.859495711849762]
[87, -0.8480924611732824]
[17, -0.8427670360224067]
[169, -0.8375877590518136]
[170, -0.8292336528297052]
[54, -0.8094857174218653]
[51, -0.7722819079492301]
[85, -0.7695384778884726]
[274, -0.7660597879978713]
[286, -0.7055571539748762]
[2, -0.6813157611213891]
[101, -0.6721050269525437]
[306, -0.6581451935744994]
[112, -0.6457694416447712]
[137, -0.6314698361601123]
[150, -0.6097321288774193]
[179, -0.5964732136589075]
[104, -0.5407666770927002]
[302, -0.5354300367716837]
[8, -0.43235547132508717]
[294, -0.42376797159394003]
[135, -0.4218471845619055]
[156, -0.3993499159174699]
[178, -0.39650332126347004]
[297, -0.3866138554256426]
[284, -0.2987607520729799]
[285, -0.2987607520729799]
[289, -0.2923511083915457]
[288, -0.29235110839154455]
[203, -0.28676011820312874]
[208, -0.24980676975224012]
[282, -0.24324424820110344]
[57, -0.23238487448270145]
[66, -0.2278993048538447]
[131, -0.2199485341568807]
[26, -0.2066971221938965]
[92, -0.19559803844233586]
[124, -0.1799352359440453]
[1, -0.1797510708821558]
[21, -0.17716291480366408]
[304, -0.1687641716776373]
[41, -0.1656694220563734]
[196, -0.15414702897287494]
[187, -0.1532028094628606]
[118, -0.14887031539074125]
[300, -0.14706803963236678]
[305, -0.14317460198928744]
[13, -0.13093403170042417]
[194, -0.12889753485746192]
[72, -0.12875312400716252]
[148, -0.1255180315265314]
[75, -0.11664473220772596]
[158, -0.11235704584905959]
[31, -0.10690613455366688]
[206, -0.10160094082614551]
[243, -0.09218306409475686]
[244, -0.0886982088299936]
[107, -0.08162386902023888]
[201, -0.07764163839100631]
[123, -0.06669269004125315]
[6, -0.05643814283287667]
[33, -0.05469797147583425]
[37, -0.05428888575605237]
[280, -0.050991935137703524]
[239, -0.04289181428935318]
[161, -0.03928022067673738]
[237, -0.036263619213509145]
[98, -0.024217798201243687]
[96, -0.02276699806505709]
[248, -0.021712143348467668]
[233, -0.02153081125075718]
[149, -0.020871188789140162]
[296, -0.018651489482037355]
[298, -0.018651489482034843]
[229, -0.01461094944266895]
[86, -0.012546942076368535]
[127, -0.01133666998672965]
[245, -0.009603388723360494]
[215, -0.005630494336804317]
[211, -0.0020468385552041765]
[226, -0.0015062163428832143]
[22, 0.004759663401259412]
[128, 0.008109982619496303]
[238, 0.009244642605355157]
[232, 0.009863761064010679]
[207, 0.021770900037273763]
[255, 0.02541406426269687]
[256, 0.025414064262696878]
[90, 0.04782227782418688]
[276, 0.04877839155006735]
[186, 0.051568969651026794]
[143, 0.05183296387864916]
[125, 0.05353390637769793]
[68, 0.05510951001619965]
[247, 0.05555456284942241]
[19, 0.057865162967266556]
[79, 0.05944971209265406]
[94, 0.05957859243973065]
[220, 0.06030848215094812]
[260, 0.062291982356411056]
[259, 0.062291982356411084]
[155, 0.06437530992530557]
[48, 0.0666567816855873]
[210, 0.0683489344754128]
[205, 0.07280121773333316]
[299, 0.07522225119973644]
[74, 0.07614127698342675]
[225, 0.07758988278260329]
[59, 0.0840515602946453]
[70, 0.08640921925888995]
[115, 0.0893244555484059]
[108, 0.0909045849536048]
[224, 0.09179405197738204]
[138, 0.09788416294470502]
[60, 0.09839474500205835]
[176, 0.11024708694925041]
[109, 0.11227707899487915]
[214, 0.1139493664007307]
[191, 0.11492247929473359]
[95, 0.11707852550226612]
[212, 0.12169995908406896]
[218, 0.1274920765171231]
[64, 0.1314414474320627]
[192, 0.13680856244387832]
[4, 0.14365741151597666]
[40, 0.14489871244861718]
[188, 0.1551046441384895]
[249, 0.1551627974281386]
[236, 0.15758157230447736]
[139, 0.16425159773131565]
[199, 0.1702589439729789]
[151, 0.17955550046436836]
[141, 0.18633909732026793]
[228, 0.18648475587698154]
[295, 0.18941583053240751]
[63, 0.19970412174785052]
[167, 0.2051851494522647]
[165, 0.2141809150097328]
[153, 0.2192910560397569]
[58, 0.22863706497269332]
[116, 0.23686202173774937]
[189, 0.23966499665039298]
[147, 0.2418157633681979]
[246, 0.25421868011658677]
[195, 0.2549508427986118]
[0, 0.25510830861765293]
[97, 0.2582223197035379]
[160, 0.2606264974621386]
[56, 0.2644351694969749]
[283, 0.27896882119163113]
[175, 0.29336550208429524]
[39, 0.31759311251308064]
[291, 0.32743817832530075]
[89, 0.3296907835551538]
[65, 0.33114556917986676]
[67, 0.331917391885301]
[38, 0.3401685326198921]
[129, 0.34987829932379994]
[53, 0.3539449874805103]
[55, 0.3635166444481772]
[290, 0.3883516892919453]
[182, 0.41434384103941785]
[119, 0.4861360495881034]
[172, 0.4924232505251871]
[11, 0.5317945110868416]
[281, 0.5323602487449038]
[230, 0.5348530891213602]
[152, 0.5440143819966039]
[110, 0.5492948747762056]
[34, 0.5565883276307546]
[113, 0.5603648957694592]
[106, 0.5638545813389806]
[52, 0.6300331968740144]
[234, 0.6325550546933105]
[223, 0.6752532845396552]
[134, 0.7577099807189768]
[15, 0.8208620306406105]
[10, 0.8442483923822551]
[164, 0.8634405284497972]
[77, 0.877845661163636]
[16, 0.8810062326778679]
[183, 0.8869180753438866]
[61, 0.9162419101178376]
[114, 0.917212293590743]
[174, 0.9412568479486746]
[177, 0.9423296148109125]
[27, 0.9685238706151409]
[36, 0.9890046013496312]
[24, 0.9917687421402729]
[12, 0.9957024052149883]
[275, 1.002480345016551]
[200, 1.0242410076729058]
[69, 1.0495080711472098]
[162, 1.3882555474106615]
[198, 1.4127917439014583]
[78, 1.4909106599441708]
[5, 1.5500477236528403]
[82, 1.5503603720368389]
[173, 1.5587420004682382]
[84, 1.6427046896946418]
[209, 1.6463361918181818]
[23, 1.9010250017776982]
[35, 2.045094622872908]
[122, 2.153003904317057]
[83, 2.5819184679756524]
[7, 2.6797702753721238]
[105, 2.7340134028307554]
[132, 2.8047522245335843]
[9, 3.0354790327533046]
[47, 3.384705205182009]
0.5200090305579
0.006924086835101665
